cam0:
  cam_overlaps: [1]
  camera_model: pinhole
  distortion_coeffs: [-0.41949760003968006, 0.28134249157651575, 0.02002102617462153, 0.0029348325413266142]
  distortion_model: radtan
  intrinsics: [154.33778817341562, 153.36483281656234, 80.14208830784362, 48.00419669723969]
  resolution: [160, 120]
  rostopic: /camera/image_raw
cam1:
  T_cn_cnm1:
  - [0.9982036807388265, 0.022144164561933567, 0.055669091382180666, 0.005776510193401557]
  - [-0.026354266587329773, 0.9967542908450934, 0.07606797167365284, -0.06722833970808192]
  - [-0.05380394402000219, -0.07739844738593729, 0.9955473951300076, 0.021759758990299496]
  - [0.0, 0.0, 0.0, 1.0]
  cam_overlaps: [0]
  camera_model: pinhole
  distortion_coeffs: [0.05166633668564729, 0.3203054939368714, -0.032968554775537166, 0.01095286711454582]
  distortion_model: radtan
  intrinsics: [369.10751673328883, 370.3544460807069, 256.7084861422545, 179.70650065522813]
  resolution: [512, 424]
  rostopic: /kinect2/sd/image_ir
